tpch

podman:
	98.11898300
	102.56516450
	99.50146825
	100.26696400
	103.94779550
	97.06754825
	96.16967175
	99.50001250
	95.61874050
	93.47643850
	94.92443000

docker
  100.04462025
  102.92603900
  106.98820550
  102.01660750
  103.46874725
  97.33674025
  106.82220675
  102.98108875
  103.23919800
  101.09817000
  101.55607800
  106.20573100

singularity
	101.02478300
	98.73325100
	102.17669925
	102.46858675
	102.40156975
	103.31907150
	100.28549975
	102.61747150
	105.01859675
	104.13546350
	106.25278475
	104.57205300